0_0
0.9442389864532602
0.3027662321671113
0.7663501591319959
0.6892496618399527
0.691879937245861
0.9222584937361861
0.8621338491495594
0.5830848288627852
0.5864590900850507
0.6513452013117271
0.9323778855027862
0.6933611546885198
0.9962855660153586
0.8754864797207188
0.7849534201369591
1.1292796156470422
0_1
-0.9153486800952225
0.019435711416214415
0.09214804945425388
-0.2803520838940477
-0.1821912516153166
3.747850665793453
-0.10346947555852622
-0.3517875766057419
-0.020914488043920862
-0.32238896165492803
3.9819284898330665
-0.0528742583852065
-0.23283167021323217
0.0472863261098022
-0.15635221304951835
-3.1891691589766875
0_2
-0.3111009616756474
-0.07323063983148193
-0.2662285471113173
8.47661786384605
-0.1441860127849544
0.10448174711871905
-4.469945943472398
-0.23365708156650283
-0.24353152484590504
4.0835441145743046
0.10330371323576389
-0.07111339526273258
-4.440682085263021
-0.12328298855740241
-0.0013639776123557457
-0.4875232040178573
0_3
0.9839871250918754
0.7861732196568045
0.2871221938705617
0.9956903989734907
1.2123029890823893
0.45076253524627174
0.8054023549971528
0.8703376403091437
0.8669513523584095
0.5324665359156648
0.6510502396554323
1.1075591294374219
0.7807290194584051
1.0640179742353832
0.7801944066829124
1.1695175254041126
0_4
1.1787867712431876
0.8414183074702347
0.33316538233139226
0.444006977666055
0.6735059317599754
1.122623171088869
0.9629912739278232
0.9434059783209141
0.9547279286958186
0.5776218224423498
1.011154547497037
0.979358985441739
0.7301152689116835
1.0860703752230627
1.075752885483146
1.307645983157201
0_5
1.3768404738535418
1.0975325071575788
0.5933411703706043
0.876395860178651
0.5397197869728491
0.7931178086096475
0.6493646100086885
1.1817660453301804
0.5408493164299797
1.0059303564585322
0.6494669736245291
0.7619646726485988
0.8256151522001749
0.7578218321757662
1.1485782039425574
0.9769751476567475
0_6
1.053706646636625
1.1698263084555798
0.6891089806866255
0.6461386940773873
1.1491120771581604
1.236155059700682
0.7052794632119171
1.220789027227219
0.350606616762371
0.9305992361902076
1.3264355791516018
1.1592254454735622
1.1320251701516026
1.1403049414594373
0.6512298258458818
0.951270186253005
0_7
4.197870797475314
-0.45799590961912046
-0.40418348717173347
-0.612614634005954
-0.23839347868599423
-2.460257052710327
-0.45606265994316747
-0.0055411912981247705
-0.24720996554866537
-0.45971977574606615
-2.9089517665909326
-0.35024175731270635
-0.640416554848312
-0.5192895058901851
-0.15892179997115824
6.6748081667517125
0_8
1.0187020805528362
0.9846105523273428
0.5360441290830791
1.1560073396367911
1.103120120636619
0.7978306234136309
0.8204278805773874
1.0596146879492119
0.5274647817925988
0.5319195626554354
1.4232611828009407
0.8579735198530806
0.8928876548315101
1.039637993312517
1.0465980700012074
1.3181210379250758
0_9
1.2518213451909406
0.8973233281845818
1.0177976937872546
0.5936459498012413
1.0873530346552203
1.2253421212123294
0.9419277716709815
0.829500105697112
0.6179988486716467
0.6840433889674515
1.3067934473981606
0.8674007693944066
0.5393185286628159
0.4989543605591299
0.8965682939383884
1.241627662559132
0_10
1.444965726623634
1.0959598224407145
0.6462568711282187
0.6205990562685829
1.1625696034430577
0.5417706735781549
1.034808962324016
0.5455549213888929
1.2707509959558618
1.0164403124102102
1.1901477239335154
0.3987081156905803
1.2977358169934132
0.9816959189528154
0.7838110100054945
1.0122933434991608
0_11
-0.46370854062907624
-0.1519601170605395
-0.12040865124300816
-5.3055912254494375
-0.17862440948405267
0.193417557252825
4.912718531230642
-0.2973819484749798
0.15349110411469372
-0.1517746451943854
-0.0009737649595949494
-0.2485307619366193
5.059763678782749
-0.33729345511279796
-0.3213803771205034
-0.5394287501548708
0_12
0.7973203398379403
0.679589377601483
1.0882030646872678
0.4785918654496053
0.9501565702971516
1.23442703497497
1.176158135116528
1.0375423181753802
0.7283540525865617
0.8882953668301735
1.1458726659451657
1.1290650276713883
1.160252631755543
0.833314913973096
0.7716862196422328
1.3559224527468665
0_13
1.421779546480421
0.37393692590902017
0.4471923203363421
0.8986548582820735
0.937641433573156
1.2003290692053736
0.9633872442531145
1.1079614465906331
0.9519410670757232
0.5163531083173437
1.1100772955457452
0.7441578645633958
0.7481120463755848
0.48068292922802636
0.9869143407272634
0.7160494549988193
0_14
1.473478761210614
1.190432899396132
0.8252464295425621
1.0601698164736262
0.49994282785873323
0.4937649133326289
0.8922773691893238
0.9425408462701447
1.0161372283963939
1.112051862818338
0.7454770041358896
0.8924798220601015
1.036518063739903
1.1661258831399341
0.7522416326427219
0.9895345262434716
1_0
-1.238341496776198
13.707024817376755
2.545895152066744
-1.4726033962635403
-1.8574481220837182
-1.6483939095310487
-2.6937288823391192
11.542360346139176
-2.713124933615063
-2.4450454802416473
-2.52344968207691
2.4287112935273254
-2.3859746478688613
-1.5124113556647647
-2.3219768527013627
1_1
-0.8870279513962345
-0.9294222467762298
11.529857652999745
-1.0131371372581135
-1.9560173660205058
-1.292491836721973
-1.6719864214323843
0.8622794030916552
-1.7770778318687153
-1.2998927848094317
-1.9313730879035556
11.725713475068286
-2.2385383397385232
-1.9196900550669995
-1.8130764593659991
0_0
0.06759151255017158
0.9290611659708488
-0.055514029388860395
0.06397808905502317
0.6910881154567337
0.6623970456436197
-0.019046070305624697
0.12843345821763621
0.321923314072963
0.41386863146087455
0.5442175213222029
0.8661897263838036
-0.12938496086373388
0.006668517297656465
-0.10206775988100686
0.40813463472354555
0_1
0.14484373075058662
0.33588966577023754
0.5580279818402977
0.11438556906072063
0.7495105068099864
0.44840663118335783
0.6961011840979661
0.8031617923531547
0.8829967098327932
0.4888187838033507
0.46831155833316224
0.2239420377854388
0.5311514662021657
0.17932191611558987
0.8246834825149493
0.8449422311058462
0_2
0.5877835702364992
0.3955719974214208
0.5001152033097537
0.7378985738189281
0.36189172826231164
0.3471484361132477
0.703561818214691
0.42022870084480424
0.9228750270452944
1.094976022435284
0.4968804718866795
0.937594596997905
0.7907624497597391
0.31541040232249834
0.3575619624097498
0.4254859539320547
0_3
-0.2220571055168339
0.4045753588033973
0.5533627357290736
0.33612929920546586
0.47961645790381635
0.857643992702639
0.6286871237027648
-0.25637287952599236
0.13096659199181046
0.6680692566447358
-0.33144521020368845
-0.1456118432235205
-0.17340891434255346
0.3796644313286374
-0.21682681552472582
-0.4989952219911273
0_4
0.9306956105444673
0.7844781547892786
1.1310611302169742
0.42851572615658196
0.20239997231219947
0.6545278671790767
0.4132583655585106
0.730401565162589
0.1578443881971493
0.4517917773880109
0.26301376521899544
0.8892069069110051
0.5802615097583166
0.7630866151492611
0.2441049853443668
1.0729665906749006
0_5
0.8270603115537336
0.6241379340498936
0.3577910280902918
1.0590649262342713
0.9198200828766168
0.1272735005888097
0.33356068065529154
1.0306598395715478
0.6725376015087716
0.500159811058522
0.5353427814941694
0.793732251986674
0.568340833022996
0.9439201646839156
1.0782381714959515
0.49500977153407955
0_6
0.95948850613428
0.11540356303207525
0.7308636905446598
1.0039429537483548
0.13348728591876227
0.22226232756619066
0.5968196834105693
0.8147198602651885
0.15935177305507073
0.6310553019675558
0.7297684783832096
0.45734685122264046
0.40034572658060047
0.5763802556189421
0.22714733887986574
0.34241311121609896
0_7
0.496862944865321
1.1049327480077469
0.8678070633805764
0.6457438477998062
0.9938199608554916
0.15087265751360074
0.9863889748173211
0.5579396934357201
0.3176976148338296
0.6722098364960805
0.677380712009823
0.6790250073795125
0.6155970684743034
0.17887242288182287
0.8506454330468611
0.8594054569143228
0_8
0.7540778553736197
0.9526327447918165
0.1565755107540094
0.3066597408534462
0.1465921677531317
0.3604383388327047
0.6968460084035623
0.934172248403123
0.6693163618941089
0.939801922248013
0.5326351064817195
0.5916233816658045
0.25164797360331365
0.07557426326852174
0.7760227208795366
0.15401121507609622
0_9
0.577359151006095
0.4545546723365034
0.7225036246546823
0.11380503073826348
0.29433479419002606
0.6800565324595453
0.08086658694851201
0.6478313860628824
0.9584726841720627
0.20689751775287837
0.08927967133086145
-0.18525273817115698
-0.13327205282522742
0.3548875899629861
0.7098448637825993
-0.11834546654470551
0_10
2.564755092764691
-3.4268290706396938
-1.4007928627438808
-1.8935106709190035
-2.4804571133904565
4.158900716886974
-1.2060092337653006
0.38464986221420927
-2.5695890946431637
0.7760879440713454
1.156646191437498
-0.9142510243379787
-2.2020955730334166
-0.27639351535474915
-0.8591590577539793
1.1474109938480908
0_11
0.5599295654430095
1.042446815199673
0.5758467386099606
0.9497722377919154
0.7794032035352508
0.5165762096021703
0.23554013006380267
0.91549049711497
0.7807921589931203
0.6734437767214935
0.6003254756322818
0.3531572239710539
0.9490613946614669
0.45665668458167713
0.9660533779418758
0.34284732726496403
0_12
-0.9600736472377828
-0.9754843109625576
-0.8920707998772518
2.681994856364314
-1.7988619484393824
-0.46990763082411097
1.6245789786021332
-0.7524232409835987
-1.0672930789075992
1.0943893131294247
-0.32325160951114645
-0.27160537478844426
3.095197354087474
-1.280974129925106
-0.6783110666712006
-1.0096222061906588
0_13
0.8894802315686727
0.48433080459942623
0.29964219094795913
0.31670565853637306
0.7919992069210847
0.25885825812396335
0.42331864520546264
1.0514023576436868
0.17572101964802264
1.0837380467031663
0.6939875845834955
0.7589685510359884
0.5601442167842606
0.6185254752926104
0.4894393932744522
0.7701426509004038
0_14
0.6592982693962548
0.5660382710232419
0.7237472444026438
0.4745424462211291
0.8434199087491888
0.42432563903833226
0.4209695311094771
1.1008143096206942
0.9056069426923999
0.3182405725084831
0.5257438756039202
0.6425681588978743
0.8020028506391351
0.4272086261368654
0.6935971449860703
1.0279164487665398
1_0
0.6519180782625539
-0.2721319840357705
-0.812923865207382
0.2043615676421572
-0.6107997601530759
-1.1336097193204202
0.05497667453072072
-0.7007250076693279
-0.02384154209593637
0.5097856769025333
8.154599410107133
-0.5759725195855765
-0.6046344276541192
-0.7543364704020954
-1.0042401882774787
1_1
0.0939249228681176
-0.1196920888374341
-0.574300379968237
1.6474060223798304
-1.0021067077386403
-0.8588515261077352
-0.4569562239445999
-0.9749900724708621
-0.3254360426845606
0.4652360638811845
0.18028174189240811
-0.9414542190442794
6.243318340483428
-0.40142061841424304
-0.9414834073166289
0_0
-0.5325563141115379
0.5690919625264288
-0.15604087780564346
2.8939805018638953
-0.3443564565278604
-0.35993770361853866
1.0995143523732285
0.03566765244415114
-0.0026072986400670645
-3.9705637699425633
1.2858363161780824
0.4197688945727174
1.4686747607607624
-0.4310777956476159
0.3417858800321074
-0.25964159472607007
0_1
-0.5112601051540601
-0.6951456035375764
-0.3184419158730726
1.110830410199905
-0.9489581168722296
-1.4401404690735295
0.5987099066060887
-0.5717258558154277
-1.0689559127367834
-0.10365216721190673
-0.5143522639822371
-0.23979026866833322
0.3406002943539897
-0.8195815601907934
0.9415264862932653
8.206959226119364
0_2
0.9648753065620206
0.8389692412607874
0.7571578443210276
0.8816568665835077
1.0295752851923647
0.6450144888752961
1.2456943369404292
0.5499624730478426
0.3840578023988584
1.011892478936838
1.204184767475398
1.09822074064223
0.6029717591634468
0.9280983576992826
0.6483987635495652
0.8315814645203735
0_3
0.5213239520682564
0.8636742044967061
0.830405673592148
1.2245838494761063
1.1777717030367658
1.1260462463427259
0.7192562351347276
0.3959125788157704
1.0035169969388402
1.1951182723803422
0.4932486630492803
0.7420941572697829
0.8604491736818025
1.0468182685776637
0.6077779257265629
0.509435583448535
0_4
0.6720235839262925
0.4309983350480573
0.7828752576196331
0.9313407668794915
0.5653574517092518
0.5977316514108704
1.0765458903742873
1.0731411120257046
0.47729426308631384
0.845375098343431
0.6071152286320676
0.5040424503126885
0.896044031075102
1.1734450953929678
0.9304380556147759
0.41594691931923516
0_5
0.7842291522163433
1.0238076271621603
0.5596328306952978
0.7204052727412664
0.811192652991855
0.8184517993771033
0.960568990438309
1.1319438777952784
0.5426408328704261
1.0214629330534177
0.8272665937845198
0.9851144783394801
1.1785840700606744
0.6613594884303101
0.6526778946829295
0.9084914329109506
0_6
0.6849634607049884
0.86844861989321
0.7562237815433137
1.0176456107447074
0.33664667961211026
1.0242216701337377
0.8822461951539763
0.8944024768232901
0.9868301753301362
1.252704480642643
0.2334309838956142
0.9600666979474549
1.1667240973983197
0.3847028359854234
0.6355125111169186
0.5417350201127993
0_7
-0.9629952226713234
-0.8519015932873379
-0.0029494482872149405
0.1550577838768694
-0.12553227802191366
4.899521174602343
-0.26151363151563195
-0.07621190121908368
-0.04982825756543429
0.12280316853721206
4.459464386719623
-0.5092673981559107
-0.047412771669663366
0.2756335339439884
-0.0766579066525343
-4.48803663900983
0_8
8.32521712853384
-0.13930959952888303
-0.6494357384738808
0.11575703276054157
0.30603261311844243
-0.8053780310725434
2.2739114163634455
-0.4503365763473142
-0.11664549286741999
0.9904359260358901
-1.737397926256295
-0.12860173206022593
1.9673709842723945
-0.7462651593876679
-0.19564913946518037
-2.5437900227006978
0_9
0.9967327759807696
1.0956945537152116
0.43642798258171395
1.1362214554179881
0.9966586063459678
0.6795359425450967
1.1222667293032522
0.5661636067989064
1.0482813804673503
0.7839863633618828
0.5368978636873876
0.8807899399463244
0.8497661120038837
0.9809594027517914
0.9301132291658124
0.8555315721884451
0_10
1.0677169581676516
0.4000076937373115
0.31234394853448594
0.9435757379349198
0.8840392764027168
0.9124989900033226
1.0257872678355566
0.5328189789722818
0.8024887977895064
0.9757725026105322
0.684595478998759
0.8452196431292457
0.7858310041917378
0.6232481072654802
1.1608730889873853
0.5269681127527158
0_11
-3.3311198857338513
-0.24428459639826217
-0.07357540099426549
1.4355803976183477
-0.07644901655716024
-0.816932151337075
2.2498922900331637
-0.0205281564797331
-0.044716329743909475
2.9457734360285337
-1.4228183856230434
-0.11939343633391972
2.0302190126388964
-0.0035267403867705756
-0.359171111317078
-2.13687542341748
0_12
0.6257118006139205
1.1788940473628493
0.7837556782301497
0.9527412214044712
0.8436184070500546
1.0756341393478432
0.8116118751320339
0.9545528552428477
1.118594621819264
1.0447399521149563
1.0032143406598135
1.127080788240653
0.6071721037541947
0.715955819729928
0.5743980711860649
0.4239790068396701
0_13
0.3690101612504749
0.8020656127956988
0.6460169417237026
0.9682649852973487
1.219741370450644
0.39838455215501933
0.7052346318833462
0.8564954606421276
0.6767043165097615
1.2016439431348023
1.1064042638723108
0.9723364583368987
0.9981422023829296
1.1689569834306854
0.5229293061791576
0.46744489703258385
0_14
0.39089040268537906
1.1677780849117638
0.40270059892903903
1.2543348920619555
1.0771345762493294
0.5649370532969561
0.8327589213288896
1.1961539143558353
0.3821853260786849
0.882768812654804
1.026189816072154
0.6873407958106929
1.1273745797180144
0.4287191572008243
1.105118869577684
0.8682937996556427
1_0
0.34506328402996517
8.302285502239535
-2.6490724149044533
-2.059339799579053
-1.4584544261443455
-2.425187064178427
-1.6971272447546242
9.982117876632238
7.445518079853051
-2.286911537185163
-1.9099388521262246
-2.6293669822465207
-2.2173605300452914
-2.3211097386745814
-1.9756559303245638
1_1
6.244005957368827
7.127167319308186
-3.2246969774888328
-3.20123344428208
-2.4565386377288085
-3.3246052169262916
-2.6407514368399347
4.166505090442189
9.61018947431201
-3.3867724957005065
-2.4940823376453425
13.997002868431345
-3.4213538822098633
-2.907749187714282
-3.1758525125090085
